Simple plain text exporter for demo purposes

See http://www.grantlee.org/apidox/for_themers.html for more information

Custom values (from the <bodies> section)
    Grav: 9.8100000000000005

List of all bodies:


    Name:               tree-round-duo
    Custom values (from the <bodies> section):
        Identifier:     0
        FixedRotation:  NO

        AnchorPointRel: { 0.500,1.000 }
        AnchorPointAbs: { 251.000,579.000 }
        Size:           { 502.000,579.000 }
    
    List of all fixtures:

        ----------------------------------------------------------
        fixtureType:             POLYGON

        Box2D special values (only available if box2d is active):
            filter_groupIndex:   
            filter_categoryBits: 
            filter_maskBits:     

        Custom values (from the <fixtures> section):
            density:             2
            friction:            0
            restitution:         0
            isSensor:            NO


        Hull polygon:
             (-40, -579.5)  , (30, -573.5)  , (76.5, -550)  , (94.5, -564)  , (93.5, -540)  , (126.5, -492)  , (122.5, -467)  , (127, -458)  , (138, -457.5)  , (182, -468.5)  , (169.5, -444)  , (204, -435.5)  , (180.5, -424)  , (227.5, -378)  , (242.5, -339)  , (250.5, -279)  , (247.5, -244)  , (232.5, -223)  , (213.5, -229)  , (153.5, -299)  , (118.5, -277)  , (53, -262.5)  , (26, -246.5)  , (2.5, -200)  , (7.5, -70)  , (19, -36.5)  , (52.5, -11)  , (-7, -9.5)  , (-14.5, -1)  , (-59, -14.5)  , (-94, -14.5)  , (-49, -62.5)  , (-37.5, -97)  , (-40.5, -187)  , (-56.5, -241)  , (-126.5, -299)  , (-182, -248.5)  , (-197, -246.5)  , (-210, -255.5)  , (-224.5, -283)  , (-232.5, -328)  , (-229.5, -388)  , (-212.5, -448)  , (-233, -443.5)  , (-251, -451.5)  , (-227, -472.5)  , (-197.5, -480)  , (-222.5, -498)  , (-220, -510.5)  , (-195, -519.5)  , (-177.5, -509)  , (-118, -558.5)  , (-41, -579.5) 

        Convex sub polygons:

             (93.5, -540)  , (76.5, -550)  , (94.5, -564) 
             (180.5, -424)  , (169.5, -444)  , (204, -435.5) 
             (-7, -9.5)  , (19, -36.5)  , (52.5, -11) 
             (169.5, -444)  , (138, -457.5)  , (182, -468.5) 
             (-227, -472.5)  , (-197.5, -480)  , (-212.5, -448)  , (-233, -443.5)  , (-251, -451.5) 
             (-49, -62.5)  , (-59, -14.5)  , (-94, -14.5) 
             (-49, -62.5)  , (-37.5, -97)  , (2.5, -200)  , (7.5, -70)  , (-7, -9.5)  , (-14.5, -1)  , (-59, -14.5) 
             (213.5, -229)  , (153.5, -299)  , (180.5, -424)  , (227.5, -378)  , (242.5, -339)  , (250.5, -279)  , (247.5, -244)  , (232.5, -223) 
             (-7, -9.5)  , (7.5, -70)  , (19, -36.5) 
             (-177.5, -509)  , (-197.5, -480)  , (-222.5, -498)  , (-220, -510.5)  , (-195, -519.5) 
             (-210, -255.5)  , (-224.5, -283)  , (-232.5, -328)  , (-229.5, -388)  , (-212.5, -448)  , (-126.5, -299)  , (-182, -248.5)  , (-197, -246.5) 
             (180.5, -424)  , (153.5, -299)  , (118.5, -277)  , (53, -262.5)  , (127, -458)  , (138, -457.5)  , (169.5, -444) 
             (122.5, -467)  , (-41, -579.5)  , (-40, -579.5)  , (30, -573.5)  , (76.5, -550)  , (93.5, -540)  , (126.5, -492) 
             (-41, -579.5)  , (122.5, -467)  , (127, -458)  , (53, -262.5)  , (26, -246.5)  , (-56.5, -241)  , (-177.5, -509)  , (-118, -558.5) 
             (-197.5, -480)  , (-177.5, -509)  , (-56.5, -241)  , (-126.5, -299)  , (-212.5, -448) 
             (-40.5, -187)  , (2.5, -200)  , (-37.5, -97) 
             (-56.5, -241)  , (26, -246.5)  , (2.5, -200)  , (-40.5, -187) 




    Name:               tree-round-trio
    Custom values (from the <bodies> section):
        Identifier:     0
        FixedRotation:  NO

        AnchorPointRel: { 0.500,1.000 }
        AnchorPointAbs: { 197.500,638.000 }
        Size:           { 395.000,638.000 }
    
    List of all fixtures:

        ----------------------------------------------------------
        fixtureType:             POLYGON

        Box2D special values (only available if box2d is active):
            filter_groupIndex:   
            filter_categoryBits: 
            filter_maskBits:     

        Custom values (from the <fixtures> section):
            density:             2
            friction:            0
            restitution:         0
            isSensor:            NO


        Hull polygon:
             (9.5, -638.5)  , (54.5, -633.5)  , (104.5, -606.5)  , (135, -570)  , (148, -510)  , (140, -445)  , (117, -386)  , (72, -328)  , (37, -307)  , (29, -247)  , (37, -207)  , (51, -206)  , (75.5, -234.5)  , (77, -309)  , (121, -378)  , (144.5, -388.5)  , (164.5, -384.5)  , (185, -368)  , (197, -339)  , (183, -291)  , (153.5, -268.5)  , (123.5, -262.5)  , (75, -206)  , (61, -178)  , (52, -53)  , (68, -21)  , (90.5, -8.5)  , (73.5, -0.5)  , (0.5, -9.5)  , (-43.5, -5.5)  , (-15.5, -25.5)  , (-9, -40)  , (-17, -115)  , (-38.5, -137.5)  , (-77.5, -124.5)  , (-116, -138)  , (-151, -171)  , (-188, -231)  , (-177.5, -264.5)  , (-128.5, -293.5)  , (-73.5, -297.5)  , (-9, -277)  , (-19, -300)  , (-85.5, -327.5)  , (-147, -386)  , (-185, -453)  , (-198, -513)  , (-182.5, -561.5)  , (-145, -597)  , (-91.5, -620.5)  , (8.5, -638.5) 

        Convex sub polygons:

             (73.5, -0.5)  , (68, -21)  , (90.5, -8.5) 
             (-15.5, -25.5)  , (0.5, -9.5)  , (-43.5, -5.5) 
             (-9, -40)  , (73.5, -0.5)  , (0.5, -9.5)  , (-15.5, -25.5) 
             (-116, -138)  , (-151, -171)  , (-177.5, -264.5)  , (-128.5, -293.5)  , (-73.5, -297.5)  , (-9, -277)  , (-38.5, -137.5)  , (-77.5, -124.5) 
             (-17, -115)  , (52, -53)  , (68, -21)  , (73.5, -0.5)  , (-9, -40) 
             (-177.5, -264.5)  , (-151, -171)  , (-188, -231) 
             (164.5, -384.5)  , (185, -368)  , (123.5, -262.5)  , (75, -206)  , (77, -309)  , (121, -378)  , (144.5, -388.5) 
             (153.5, -268.5)  , (123.5, -262.5)  , (185, -368)  , (197, -339)  , (183, -291) 
             (-145, -597)  , (-91.5, -620.5)  , (8.5, -638.5)  , (-85.5, -327.5)  , (-147, -386)  , (-185, -453)  , (-198, -513)  , (-182.5, -561.5) 
             (148, -510)  , (140, -445)  , (117, -386)  , (72, -328)  , (9.5, -638.5)  , (54.5, -633.5)  , (104.5, -606.5)  , (135, -570) 
             (8.5, -638.5)  , (9.5, -638.5)  , (72, -328)  , (37, -307)  , (-19, -300)  , (-85.5, -327.5) 
             (75, -206)  , (61, -178)  , (51, -206)  , (75.5, -234.5) 
             (61, -178)  , (52, -53)  , (-17, -115)  , (37, -207)  , (51, -206) 
             (-9, -277)  , (29, -247)  , (37, -207)  , (-17, -115)  , (-38.5, -137.5) 
             (-9, -277)  , (-19, -300)  , (37, -307)  , (29, -247) 




    Name:               tree-square
    Custom values (from the <bodies> section):
        Identifier:     0
        FixedRotation:  NO

        AnchorPointRel: { 0.500,1.000 }
        AnchorPointAbs: { 187.500,467.000 }
        Size:           { 375.000,467.000 }
    
    List of all fixtures:

        ----------------------------------------------------------
        fixtureType:             POLYGON

        Box2D special values (only available if box2d is active):
            filter_groupIndex:   
            filter_categoryBits: 
            filter_maskBits:     

        Custom values (from the <fixtures> section):
            density:             2
            friction:            0
            restitution:         0
            isSensor:            NO


        Hull polygon:
             (-5.5, -467.5)  , (29.5, -462.5)  , (78.5, -441.5)  , (104.5, -464.5)  , (94, -435)  , (103, -439)  , (106.5, -426.5)  , (153.5, -395.5)  , (161, -341)  , (177.5, -352.5)  , (179, -347)  , (167.5, -320.5)  , (183.5, -316.5)  , (160.5, -304.5)  , (162, -239)  , (148, -207)  , (83.5, -165.5)  , (51.5, -130.5)  , (-16, -100)  , (-28, -84)  , (-23, -65)  , (21, -53)  , (9, -26)  , (48.5, -11.5)  , (50.5, -4.5)  , (-9.5, -6.5)  , (-22.5, -0.5)  , (-91, -15)  , (-33, -33)  , (-60, -56)  , (-31, -110)  , (-36.5, -129.5)  , (-61.5, -156.5)  , (-179, -211)  , (-149, -212)  , (-173, -237)  , (-150, -240)  , (-173, -355)  , (-170, -395)  , (-156, -410)  , (-186.5, -430.5)  , (-164.5, -434.5)  , (-144.5, -417.5)  , (-147, -445)  , (-129.5, -424.5)  , (-6.5, -467.5) 

        Convex sub polygons:

             (-150, -240)  , (-61.5, -156.5)  , (-149, -212)  , (-173, -237) 
             (106.5, -426.5)  , (94, -435)  , (103, -439) 
             (160.5, -304.5)  , (167.5, -320.5)  , (183.5, -316.5) 
             (-164.5, -434.5)  , (-144.5, -417.5)  , (-156, -410)  , (-186.5, -430.5) 
             (9, -26)  , (-33, -33)  , (-23, -65)  , (21, -53) 
             (-129.5, -424.5)  , (-144.5, -417.5)  , (-147, -445) 
             (-33, -33)  , (-9.5, -6.5)  , (-22.5, -0.5)  , (-91, -15) 
             (94, -435)  , (78.5, -441.5)  , (104.5, -464.5) 
             (-31, -110)  , (-28, -84)  , (-33, -33)  , (-60, -56) 
             (161, -341)  , (160.5, -304.5)  , (-16, -100)  , (-36.5, -129.5)  , (-5.5, -467.5)  , (78.5, -441.5)  , (106.5, -426.5)  , (153.5, -395.5) 
             (-33, -33)  , (9, -26)  , (48.5, -11.5)  , (50.5, -4.5)  , (-9.5, -6.5) 
             (179, -347)  , (160.5, -304.5)  , (161, -341)  , (177.5, -352.5) 
             (-156, -410)  , (-144.5, -417.5)  , (-129.5, -424.5)  , (-6.5, -467.5)  , (-61.5, -156.5)  , (-150, -240)  , (-173, -355)  , (-170, -395) 
             (83.5, -165.5)  , (160.5, -304.5)  , (162, -239)  , (148, -207) 
             (-16, -100)  , (160.5, -304.5)  , (83.5, -165.5)  , (51.5, -130.5) 
             (-149, -212)  , (-61.5, -156.5)  , (-179, -211) 
             (-33, -33)  , (-28, -84)  , (-23, -65) 
             (78.5, -441.5)  , (-5.5, -467.5)  , (29.5, -462.5) 
             (106.5, -426.5)  , (78.5, -441.5)  , (94, -435) 
             (-31, -110)  , (-16, -100)  , (-28, -84) 
             (-36.5, -129.5)  , (-16, -100)  , (-31, -110) 
             (-6.5, -467.5)  , (-5.5, -467.5)  , (-36.5, -129.5)  , (-61.5, -156.5) 



